0.00142998609226
-0.00709404610097
-0.0235974732786
-0.0489460602403
-0.080302156508
-0.1136373505
-0.14342816174
-0.163123607635
-0.0981264933944
0.997422456741
3.17776989937
1.9092605114
-2.71099233627
-4.24378871918
-2.22690987587
-0.817813634872
-0.790625989437
-0.513472318649
0.143625974655
0.648449361324
1.04173076153
1.27743661404
1.21494603157
1.02788829803
1.02061009407
1.130240798
0.974424481392
0.396936774254
-0.13512699306
-0.119900137186
0.0765910744667
-0.122683368623
-0.400579035282
-0.363298356533
-0.311565130949
-0.478571206331
-0.698083639145
-0.733369231224
-0.605951547623
-0.464841187
-0.225245982409
0.167821139097
0.351080864668
0.0796736627817
-0.215695485473
-0.130204319954
0.12834097445
0.25778862834
0.170635789633
-0.0366898626089
-0.248486891389
-0.393343478441
-0.345750749111
-0.0792099460959
0.134543403983
0.095445394516
-0.0109535362571
0.00433032494038
0.0544600561261
0.0558338388801
0.0473270006478
0.0436907224357
0.0880176797509
0.154366701841
0.112702064216
0.0140868714079
0.0502639785409
0.200834587216
0.268892109394
0.188392102718
0.142677485943
0.215908825397
0.268622815609
0.218278184533
0.072069644928
-0.103457197547
-0.179198533297
-0.105678774416
0.068850249052
0.20662021637
0.156062215567
-0.0101076578721
-0.0750158727169
-0.0248727872968
-0.0596293583512
-0.182283774018
-0.156376838684
-0.0438065119088
-0.0835831686854
-0.190253317356
-0.17077820003
-0.00767499441281
0.152905285358
0.129604071379
-0.100205272436
-0.33332195878
-0.338572144508
-0.196502819657
-0.123572178185
-0.0434971675277
0.1012936607
0.120159953833
-0.0315071642399
-0.129872500896
-0.0447018109262
0.0848454982042
0.103480286896
0.0626081973314
0.0518217608333
0.0714816972613
0.116654388607
0.124361783266
0.0519939623773
-0.026277853176
-0.022886518389
0.0838689208031
0.178399801254
0.085616081953
-0.155426442623
-0.212626293302
0.0442044623196
0.209247022867
0.098411411047
0.101870805025
0.157054498792
-0.094060793519
-0.226139083505
0.0669665411115
0.145526632667
-0.131091117859
-0.088721960783
0.133407071233
0.00748420599848
-0.174367502332
-0.207214862108
-0.159470364451
0.0300238300115
0.214457705617
0.173715054989
-0.0141084883362
-0.108645498753
-0.151252821088
-0.234997183084
-0.192696362734
-0.0261189825833
0.0239060372114
0.0465979315341
0.13781452179
0.0922126471996
0.045362867415
0.0738994330168
0.0637749731541
0.0503781363368
-0.0176648832858
-0.21425640583
-0.222969397902
-0.029040845111
0.0898665562272
0.215104103088
0.174889147282
0.0419704653323
0.0396598540246
-0.0822431519628
-0.0930920392275
0.0242161266506
-0.0990701913834
-0.0983814448118
-0.0419831946492
0.0382601544261
0.0852381661534
-0.0424018315971
-0.0615276917815
-0.00669730501249
0.0491277091205
0.0549539737403
0.00288721709512
-0.0687212720513
-0.102211676538
-0.0377512536943
-0.0303282830864
0.045466478914
0.0485869795084
0.038558896631
0.0730602368712
0.0707576274872
0.0664041191339
0.0151759013534
0.0283913761377
0.0626158714294
0.0529952906072
0.0154234776273
-0.00725923012942
-0.0239007771015
-0.0563235208392
-0.00336417136714
0.0659562051296
0.0709718689322
-0.00973910838366
-0.0575024448335
-0.00548301823437
0.0485559776425
0.0670721903443
-0.0496727712452
-0.0823490470648
-0.0751015022397
0.0221948958933
-0.0133801065385
0.0122292134911
-0.00823654327542
0.0615811347961
0.0606710389256
0.0390675924718
-0.0595507360995
-0.0635943710804
-0.0244004130363
0.0121040111408
-0.0253687556833
-0.0438203886151
0.000248319964157
0.0636169537902
0.0900669470429
0.0138963647187
-0.032399341464
-0.0461084842682
0.00525481486693
0.00554004171863
0.0297296345234
0.027135623619
0.0597987957299
0.0432482659817
0.0286149308085
-0.00459141796455
0.00638201041147
0.0194727983326
0.0312439594418
0.0105611262843
-0.000901208084542
-0.00824380014092
-0.00733730569482
-0.0258377548307
-0.0290188286453
-0.0279415939003
-0.0168685484678
-0.0250274203718
-0.0289607569575
-0.0339013636112
-0.0232463683933
-0.0192002486438
-0.0144226150587
-0.0113660702482
0.0217151492834
0.0345722101629
-0.00760054541752
-0.0616395734251
-0.0500996112823
-0.00888149999082
0.0151910753921
0.00958395656198
-0.00887746084481
-0.0344970673323
-0.0380579419434
-0.0198330748826
0.00621080491692
0.0408812686801
0.0654735788703
0.0330922119319
-0.0301293004304
-0.0520032569766
-0.00753332534805
0.0446091257036
0.0554057471454
0.045290607959
0.0467677786946
0.0441935062408
0.0201577264816
-0.00693880254403
-0.0176452863961
-0.0192524269223
-0.0193260759115
-0.0231378525496
-0.0254844110459
-0.0159991756082
-0.000419111485826
0.00347272842191
-0.00742524303496
-0.0140068875626
0.00229304819368
0.0228080078959
0.0146539565176
-0.0187744423747
-0.039352517575
-0.0240049865097
0.00114455982111
0.00477841868997
-0.00216502160765
-0.00390553777106
-0.00497128115967
-0.0133555866778
-0.0195440649986
-0.0126040689647
-0.0057159322314
-0.0149421710521
-0.0250927750021
-0.0214910544455
-0.00686739524826
0.0210383348167
0.0503422133625
0.0515364706516
0.0275538042188
0.0101642077789
0.00899122003466
0.00554696517065
-0.0085240798071
-0.0203822534531
-0.020034359768
-0.0130150737241
-0.00278972345404
0.0134697956964
0.023881630972
0.0175544135273
0.00790949724615
-0.000106179868453
-0.0118826339021
-0.017823446542
-0.0120751643553
-0.00574010470882
-0.00088375620544
0.00978264957666
0.0175108239055
0.0121452268213
0.00852108001709
0.0105513026938
0.00065410125535
-0.0156868472695
-0.0208334363997
-0.0146288983524
-0.00245836586691
0.0112850666046
0.0147532764822
0.0030445063021
-0.00688807666302
-0.00283569213934
0.000375829258701
-0.00318220607005
0.00124304823112
0.0134786441922
0.0184671394527
0.0148308547214
0.0113006420434
0.0048363157548
-0.00970640126616
-0.0226206630468
-0.0250734463334
-0.0160181690007
-0.00384568609297
-0.0028725117445
-0.0130537115037
-0.0221140515059
-0.0242130700499
-0.0243334658444
-0.0253096707165
-0.02486702241
-0.0217818375677
-0.0191961731762
-0.0203233342618
-0.0179537907243
-0.00103195093106
0.0221098009497
0.0333933122456
0.0254683662206
0.00692041870207
-0.00814862176776
-0.013439649716
-0.0128422752023
-0.0101113691926
-0.00474507827312
-0.000600880593993
-0.00373285706155
-0.0107197314501
-0.0102916574106
-0.000462335417978
0.0107437483966
0.0134731614962
0.00406823586673
-0.00783437676728
-0.00998019706458
-0.00500080315396
-0.00465407827869
-0.00796542037278
-0.00449997512624
0.0044392910786
0.00753544922918
0.00109316548333
-0.00911463238299
-0.0177137255669
-0.0210040975362
-0.0178660489619
-0.0106586897746
-0.00359803624451
0.000154570370796
0.000462013587821
-0.00158034474589
-0.00416775839403
-0.00399140780792
0.00152120355051
0.00973084289581
0.0144302528352
0.0139506012201
0.0107434270903
0.00652364548296
0.00161928590387
-0.00373555021361
-0.0091802040115
-0.0128737799823
-0.0131897125393
-0.00894297938794
0.00179735023994
0.0162200201303
0.0226744152606
0.0158624649048
0.00435412488878
-0.00362669629976
-0.00870088115335
-0.0111905327067
-0.00773279787973
-0.000401993223932
0.00343813793734
0.000595340039581
-0.00597497308627
-0.00962758436799
-0.00680832471699
-0.00297606806271
-0.0032585542649
-0.00620209006593
-0.00939227826893
-0.0109635293484
-0.0100659802556
-0.00951723288745
-0.0094676874578
-0.00674001313746
-0.000683529651724
0.00339692318812
0.000543081143405
-0.0039188945666
-0.00150822615251
0.00521548092365
0.00699124718085
0.00429495051503
0.00305091729388
0.00275077624246
2.73283640126e-05
-0.00168575777207
0.000622585765086
0.00486273970455
0.0095672076568
0.0125019652769
0.0106446202844
0.005375912413
0.00220579421148
0.00192126317415
0.000766868004575
0.00054905063007
0.00359565741383
0.00693193357438
0.00747207645327
0.00497205043212
0.00248591648415
0.00407859589905
0.00728415884078
0.00596419535577
0.000132730157929
-0.00407035369426
-0.00439202319831
-0.00170200143475
0.0019850495737
0.0045788786374
0.00650356058031
0.00792602915317
0.00763580435887
0.00603515375406
0.00535622658208
0.00784871168435
0.0122656337917
0.0146248750389
0.0130829047412
0.0101428413764
0.00896162819117
0.00850817374885
0.00658347364515
0.00378050538711
0.00174940284342
0.00138147000689
0.00202371552587
0.00157270405907
0.0
0.000494416395668
0.00129519484472
-0.000377962103812
-0.0040042954497
-0.00564898736775
-0.00447058025748
-0.00321395276114
-0.00298328348435
-0.00273009832017
-0.00174987141509
-0.00142204330768
-0.00316215236671
-0.00587118696421
-0.0073615135625
-0.00764459138736
-0.00760197173804
-0.00670377304778