-0.00257226801477
-0.00259890081361
-0.0044620083645
-0.00691757909954
-0.00716957077384
-0.00528558436781
-0.00405293563381
-0.00437209475785
-0.00552942184731
-0.00605908082798
-0.00579760689288
-0.006177643314
-0.00658505782485
-0.00671753799543
-0.0079557467252
-0.00898251309991
-0.00742810545489
-0.00424359692261
0.00494318502024
0.0311595089734
0.0672731548548
0.080072529614
0.0380059853196
-0.0335058122873
-0.0692648664117
-0.0658545643091
-0.076558329165
-0.107442475855
-0.132955566049
-0.15157365799
-0.14112405479
-0.084790840745
-0.0186002925038
0.0475925020874
0.118577383459
0.164143323898
0.161363273859
0.13486045599
0.119892150164
0.103394456208
0.0615383945405
0.00968961697072
-0.0245731547475
-0.0252182986587
-0.00152961071581
0.0122271794826
0.00489157577977
-0.0104257073253
-0.0202768128365
-0.0231220461428
-0.0328858345747
-0.0478847920895
-0.0558526925743
-0.065430752933
-0.0738287270069
-0.0528959222138
-0.0162171181291
0.000490002741572
0.00890950672328
0.0142135471106
-0.0151945939288
-0.0550963543355
-0.0516575425863
-0.0409322120249
-0.0676335692406
-0.0886023417115
-0.0673370957375
-0.0164290871471
0.0360982008278
0.0553380586207
0.053109202534
0.0581597499549
0.0467878989875
0.0104500986636
-0.0108420941979
0.000667991174851
0.0173112638295
0.0381384082139
0.0735555514693
0.0742686539888
0.0500100329518
0.0702607631683
0.113744527102
0.133190363646
0.130861207843
0.116174690425
0.106965973973
0.123791508377
0.141891032457
0.119513347745
0.0635093152523
0.00193009269424
-0.040608022362
-0.0620750039816
-0.0927721038461
-0.124429233372
-0.150516614318
-0.179127216339
-0.175621241331
-0.145582333207
-0.138738870621
-0.146087661386
-0.1096971035
-0.0420852638781
-0.0254794880748
-0.0531920157373
-0.027167936787
0.044059317559
0.0719583258033
0.057667914778
0.0473839864135
0.0358464345336
0.0158005952835
0.00580958928913
-0.00511734746397
-0.0197359696031
0.00506496801972
0.0647526681423
0.0904930382967
0.073037609458
0.0715388655663
0.0970029830933
0.0942660570145
0.0687990784645
0.0765279307961
0.0963982492685
0.0999588444829
0.103153511882
0.0977434590459
0.0795147642493
0.0625209659338
0.0159668587148
-0.0772433951497
-0.150566771626
-0.156934082508
-0.14792662859
-0.148287340999
-0.114116460085
-0.0644771158695
-0.0496176332235
-0.0504790917039
-0.0436087213457
-0.0344648733735
-0.0188047979027
0.00746399909258
0.0400894470513
0.0761392861605
0.106422655284
0.108776278794
0.0816498994827
0.0508203096688
0.0113188521937
-0.0343396067619
-0.0653306394815
-0.08390006423
-0.0904569476843
-0.0736738070846
-0.0444915816188
-0.0290461927652
-0.013293961063
0.0221032965928
0.0413020923734
0.0242344681174
0.0185400061309
0.0527561157942
0.0787270590663
0.0594628043473
0.0403121635318
0.0536526702344
0.0551213920116
0.00455465819687
-0.0551755391061
-0.0698103681207
-0.0829592123628
-0.135296598077
-0.160781934857
-0.11753218621
-0.0543651282787
-0.0118043590337
0.0171236339957
0.0350649654865
0.0419048182666
0.0460441447794
0.0476023592055
0.0424415804446
0.0354499332607
0.0438197404146
0.0641123130918
0.0655273348093
0.0326900817454
-0.0157430749387
-0.0525430813432
-0.0713496282697
-0.0741833597422
-0.0466054007411
-0.00212294491939
0.0321991592646
0.05514536798
0.0695185288787
0.0712749361992
0.0540674030781
0.0229708496481
-0.00443327333778
-0.0192378107458
-0.0284206569195
-0.0274932943285
0.000897001882549
0.0366025641561
0.0504585467279
0.0388550795615
0.00787275284529
-0.0211860500276
-0.0430797934532
-0.0649661570787
-0.0673450082541
-0.0483629107475
-0.0284362901002
-0.000885700981598
0.0273879561573
0.0325746573508
0.0151615375653
-0.0176813341677
-0.0560905635357
-0.0742918923497
-0.0752909779549
-0.0899764299393
-0.10701406002
-0.0874615162611
-0.0449065417051
-0.0212998557836
-0.0184902139008
-0.0177392456681
-0.0114462524652
-0.000365862360923
0.0112060056999
0.0340375266969
0.0759943723679
0.106130681932
0.107179060578
0.103135786951
0.107571065426
0.104966551065
0.0860198363662
0.0673471987247
0.0621899776161
0.0635334700346
0.0590110123158
0.0414537079632
0.00914938934147
-0.0246533956379
-0.0462705232203
-0.0597415789962
-0.0726059153676
-0.0794289261103
-0.0726214870811
-0.0573362000287
-0.0488434433937
-0.0536774806678
-0.0607326924801
-0.0598514229059
-0.0659733787179
-0.0910294651985
-0.107097432017
-0.0852184891701
-0.0459666252136
-0.0173619650304
0.00218431418762
0.00959834363312
0.00838317722082
0.0153350997716
0.0262126680464
0.0262453574687
0.016806140542
0.0121376132593
0.0308869387954
0.0604224875569
0.0682950913906
0.0634974092245
0.0751690268517
0.0911103636026
0.0772137567401
0.0433292128146
0.0289502125233
0.0272841807455
0.0107551747933
-0.00885273143649
-0.0147243477404
-0.010643389076
0.00145189149771
0.00846913363785
-0.00153292727191
-0.0130199072883
-0.0134116699919
-0.017723666504
-0.0327412970364
-0.04422416538
-0.0414981096983
-0.0284516848624
-0.0216982867569
-0.0325670577586
-0.0433150753379
-0.0363456383348
-0.0307421106845
-0.0402651950717
-0.041410241276
-0.0230293143541
-0.00660711573437
-0.0104578267783
-0.0226766057312
-0.0186995510012
-0.00249390094541
0.00170849286951
-0.00233950396068
0.0116848712787
0.0441458672285
0.0725684091449
0.0870918557048
0.0913376361132
0.084126278758
0.0646897181869
0.0365644022822
0.00567641947418
-0.0164277646691
-0.0247947182506
-0.0258783716708
-0.0252577736974
-0.0205784719437
-0.0122953904793
-0.00896713044494
-0.0117438808084
-0.012130510062
-0.00910023692995
-0.00476958369836
0.00402751378715
0.0183037370443
0.0334500968456
0.0372024402022
0.0259915441275
0.016090799123
0.0152293080464
0.0106569705531
0.000743534008507
-0.008156882599
-0.0197575222701
-0.0228730216622
-0.00430705631152
0.00943559780717
-0.0024430998601
-0.0118156159297
-0.00367780937813
-0.000496622815263
-0.00716067524627
-0.00201675505377
0.019274123013
0.0384955480695
0.0481278151274
0.0514347292483
0.0484488010406
0.0409729778767
0.0276461429894
0.0109251132235
0.00305785099044
-0.0030343006365
-0.0239491853863
-0.0428124032915
-0.0418305546045
-0.0415282361209
-0.0572241172194
-0.0691131874919
-0.0640654712915
-0.0540854297578
-0.0463288240135
-0.0338054597378
-0.0125710722059
0.0126544525847
0.0348112732172
0.05115076527
0.0583696104586
0.0491494871676
0.0344396792352
0.0353521704674
0.0392804443836
0.0244019217789
0.0073180841282
0.0121096251532
0.0278802793473
0.0315913110971
0.0230135414749
0.0143947815523
0.0103797875345
0.00596483936533
-0.00233451463282
-0.00453169737011
0.00687001552433
0.0206681862473
0.0266830027103
0.0252975411713
0.0171824153513
0.00756421871483
0.0015398550313
-0.00489419233054
-0.0138208018616
-0.0225793756545
-0.0288269817829
-0.0290772784501
-0.0310968123376
-0.0444722957909
-0.0576554648578
-0.0584123320878
-0.0518400557339
-0.0491460449994
-0.0534129180014
-0.0547503381968
-0.0460383594036
-0.0352966673672
-0.0251798257232
-0.0132280867547
-0.00785703957081
-0.00881753023714
-0.00298675708473
0.00815649237484
0.00965601950884
0.00532030081376
0.00873410608619
0.017854988575
0.0260026603937
0.0318695046008
0.0347545742989
0.0341526977718
0.0331561118364
0.033107444644
0.0309273023158
0.0273577347398
0.0276755057275
0.0312536470592
0.0314216651022
0.0242492444813
0.0144478678703
0.0122130131349
0.0163195841014
0.0180873461068
0.0173643603921
0.0205892026424
0.0292336419225
0.0353304259479
0.0279921852052
0.0105220712721
-0.00196268106811
-0.00798951182514
-0.0194518752396
-0.0342564620078
-0.0395149849355
-0.0391629263759
-0.0460867844522
-0.0552248321474
-0.0571770146489
-0.054744951427
-0.0520683005452
-0.0485863760114
-0.0452539175749
-0.0403454899788
-0.0270061027259
-0.0103913852945
-0.00337663432583
-0.00489823240787
-0.0056743347086
-0.00352240004577
-0.000689733948093
0.00297748204321
0.00773872854188
0.0125249112025
0.0189403276891
0.030027763918
0.0393637008965
0.038329847157
0.0332209542394
0.0299259591848
0.0243632420897
0.0209313575178
0.0243842191994
0.0250585172325
0.0213816110045
0.0227877385914
0.0216589141637
0.00976936798543
-0.000901700637769
0.00126012729015
0.0109611656517
0.0169856287539
0.0157765448093
0.0139174442738
0.0167597923428
0.0156511887908
9.5475508715e-05
-0.019896902144
-0.0278934221715
-0.0281557980925
-0.0326176695526
-0.0382387451828
-0.0382406301796
-0.0350613817573
-0.0316076949239
-0.0286003947258
-0.0296751763672
-0.0358187444508
-0.0405276231468
-0.0403800047934
-0.0321632549167
-0.0163637921214
-0.00159780948889
0.00974579621106
0.0203823707998